waypoints:
  - latitude: 37.12345
    longitude: -122.12345
  - latitude: 37.54321
    longitude: -122.54321
  - latitude: 37.67890
    longitude: -122.67890